Evaluation Results:
              precision    recall  f1-score   support

       Anger       0.62      0.29      0.40        82
     Disgust       0.67      0.02      0.04        87
        Fear       0.21      0.89      0.34        61
         Joy       0.30      0.56      0.39        72
     Sadness       0.50      0.01      0.03        72
    Surprise       0.00      0.00      0.00        64

    accuracy                           0.28       438
   macro avg       0.38      0.30      0.20       438
weighted avg       0.41      0.28      0.20       438


Model Parameters:
log_probs
tensor([ 0.0020,  0.0012, -0.0014,  0.0023, -0.0043,  0.0002])
log_likelihoods
tensor([[ 1.9037e-04,  1.8415e-05, -9.3282e-06,  ..., -6.8402e-06,
         -6.8402e-06, -1.3595e-05],
        [-5.4040e-05,  1.8725e-04, -8.8444e-06,  ..., -6.0056e-06,
         -6.0056e-06, -7.6312e-06],
        [-6.5657e-04, -3.1437e-04, -1.0500e-05,  ..., -9.7724e-06,
         -9.7724e-06, -2.7451e-05],
        [ 2.7136e-04,  2.7643e-04, -9.6003e-06,  ..., -7.6515e-06,
         -7.6515e-06, -3.2189e-05],
        [ 9.0414e-04, -4.2991e-04, -9.1869e-06,  ...,  3.5057e-05,
          3.5057e-05,  8.8271e-05],
        [-6.5525e-04,  2.6218e-04,  4.7460e-05,  ..., -4.7871e-06,
         -4.7871e-06, -7.4052e-06]])
